457855.757975 29.886193 212.105292 -17.174965 -1300.622258 183.261094 0.000000
512762.860332 43.692414 -157.669828 5.954320 1107.652001 306.945158 0.000000
446125.805490 171.213564 9.562057 70.145854 -63.146802 1130.676018 0.000000
504775.420685 81.224766 -21.335059 -110.918550 162.591572 619.002846 0.000000
768625.007546 -49.800098 173.291811 -56.743234 -1132.989232 -325.595156 0.000000
911169.208823 -15.006362 240.179471 -51.287806 -1376.346291 -85.993822 0.000000
82307.960395 64.727456 139.255429 -115.112207 -903.566050 419.987444 0.000000
799051.296726 -161.160936 29.647571 -26.287561 -206.867626 -1124.509675 0.000000
198777.571137 115.947108 -184.516458 71.857562 1094.923674 688.032030 0.000000
125342.907763 -39.622191 -143.567163 -115.102511 940.627995 -259.597958 0.000000
218603.119220 -52.862681 177.188451 70.917828 -1131.788935 -337.659693 0.000000
99216.001232 41.367399 -128.493540 50.641922 961.926442 309.684012 0.000000
377987.006127 -23.395948 229.567336 -8.137733 -1358.012980 -138.399483 0.000000
883367.856724 51.767107 -39.271388 -198.080159 244.492159 322.286848 0.000000
264411.584337 161.858923 48.233153 -103.282327 -308.142793 1034.053495 0.000000
563772.679396 176.199938 57.151508 -109.890304 -350.050399 1079.216642 0.000000
980688.487125 78.466023 95.610796 42.220134 -751.770098 616.963906 0.000000
84510.271091 23.047680 118.502747 200.097941 -696.802226 135.521537 0.000000
422981.610557 145.266000 181.736337 36.403749 -1064.538116 850.909603 0.000000
628710.941193 -58.833236 41.339446 54.433450 -391.294401 -556.880129 0.000000
730925.005800 -55.781834 117.519076 40.476439 -905.035320 -429.585833 0.000000
39491.931775 50.642632 -9.521592 -134.889178 71.225667 378.828995 0.000000
701351.333050 -1.374711 57.251631 210.232137 -348.636049 -8.371358 0.000000
447513.155962 195.863460 -86.519691 82.949531 513.226076 1161.842287 0.000000
881466.228903 -57.790659 41.553594 -91.756578 -346.613640 -482.052901 0.000000
144814.563119 -1.766479 168.547809 174.360152 -972.882868 -10.196379 0.000000
456142.956738 -112.418589 -142.959811 -43.007600 940.015969 -739.195634 0.000000
629476.222655 -3.062317 -92.314177 169.559206 597.173353 -19.809891 0.000000
149465.780622 -226.528715 64.590153 -26.759617 -377.078426 -1322.478547 0.000000
687647.818521 -150.329289 -12.428849 -160.656952 75.258909 -910.270794 0.000000
20659.001600 -13.900248 107.085478 -160.450596 -692.156187 -89.845449 0.000000
279631.387076 -77.130234 98.655786 10.211473 -791.148623 -618.529136 0.000000
618303.191489 128.103428 -53.241894 145.966119 337.254688 811.456511 0.000000
138610.821858 -23.231923 62.774088 204.982679 -384.261646 -142.210540 0.000000
383034.741242 34.407022 189.660413 148.383620 -1093.080592 198.299937 0.000000
944815.426913 -18.146134 75.661283 -147.552818 -526.584022 -126.292652 0.000000
724716.294687 159.172769 70.808153 108.830978 -444.095540 998.301938 0.000000
857225.628015 -75.746478 -208.613708 -29.549404 1253.208362 -455.032994 0.000000
521359.668460 111.783193 169.988221 94.685772 -1020.022663 670.760538 0.000000
229200.025313 13.331702 -104.915161 114.421601 755.516857 96.004482 0.000000
642482.430583 11.391362 171.811700 29.985544 -1168.186448 77.452438 0.000000
577259.189283 -149.516387 17.951839 1.587052 -131.493464 -1095.176239 0.000000
406578.095023 150.534283 31.433344 -4.479777 -227.799463 1090.931611 0.000000
694076.893591 -217.049886 19.357720 -43.112956 -116.748438 -1309.050591 0.000000
957296.427432 211.709367 -115.393105 -13.419250 667.479106 1224.610247 0.000000
481767.389325 -91.392677 -154.274142 58.947440 1009.371790 -597.956267 0.000000
202165.536314 -136.370338 93.517018 -88.958875 -613.462642 -894.576305 0.000000
361793.620378 59.883168 -197.557246 115.446875 1154.682320 350.005057 0.000000
131555.513392 5.234527 -124.723178 -151.135576 800.753269 33.606941 0.000000
535048.364922 -31.611994 -62.131902 -43.298994 616.515615 -313.676023 0.000000
534054.222998 -170.135749 -147.866879 65.657498 867.452989 -998.092102 0.000000
642082.492830 14.809509 175.629085 55.855571 -1161.031608 97.901254 0.000000
858196.571135 -133.670803 120.385787 155.254123 -701.999970 -779.468261 0.000000
903650.754611 -92.063101 -92.505783 211.383485 527.564151 -525.039515 0.000000
833846.848620 -39.184702 144.967913 -186.998363 -841.441145 -227.440820 0.000000
510624.114188 129.077216 1.392722 92.841315 -9.928089 920.133396 0.000000
556154.787073 7.412161 34.371087 -176.722589 -230.164209 49.635155 0.000000
467450.033924 132.360239 -86.586366 -16.520066 617.192729 943.471598 0.000000
704019.789848 172.131435 -159.365407 -23.024509 933.073040 1007.817221 0.000000
741940.893505 -47.348954 -152.437048 -167.461667 900.870449 -279.822223 0.000000
707624.830431 180.365890 64.693164 -47.745043 -413.815972 1153.727561 0.000000
697850.789995 133.634900 132.614569 -47.127246 -855.677013 862.260562 0.000000
725408.010579 -214.724173 -79.140669 -15.579804 469.713753 -1274.425624 0.000000
20488.659510 -72.181407 69.356039 62.010139 -574.519432 -597.923726 0.000000
663163.618386 34.787771 16.539838 -55.202963 -181.211392 381.136758 0.000000
999888.145496 71.132631 100.625348 130.869852 -674.638842 476.906036 0.000000
554557.113983 3.909712 233.568141 33.989254 -1366.493226 22.873819 0.000000
168332.257435 -14.119234 -165.438675 -2.239549 1154.028427 -98.489652 0.000000
531490.659226 48.916006 -67.212334 -107.124792 518.839311 377.602522 0.000000
658560.430386 30.322123 -108.235763 108.300890 778.738361 218.162646 0.000000
165021.550691 127.322259 -55.022221 198.771057 317.683680 735.124885 0.000000
82769.239691 202.775431 -35.242130 -11.195778 220.652241 1269.584242 0.000000
607587.058241 -192.453369 62.123986 -22.155657 -391.511845 -1212.861232 0.000000
448435.472461 83.945630 -22.223284 -118.935296 164.614207 621.809235 0.000000
586414.286160 -40.234091 138.983375 15.383131 -1035.688328 -299.819879 0.000000
365592.055708 -114.244079 92.519420 32.445206 -677.802666 -836.958783 0.000000
595758.330957 66.550315 126.674798 -155.092277 -783.853698 411.808123 0.000000
95577.388732 88.140034 25.314306 65.552711 -214.320662 746.227470 0.000000
379451.760793 -10.722248 -144.683684 -78.149738 1013.117744 -75.080340 0.000000
811091.177567 61.866234 134.375508 -143.417673 -841.490311 387.420577 0.000000
430116.729661 -120.963877 154.938486 -65.525002 -967.543314 -755.382306 0.000000
748643.713056 210.412514 -36.173721 -65.369745 217.606228 1265.755142 0.000000
568574.142026 -7.571571 92.663461 -100.564663 -711.742323 -58.156771 0.000000
90891.838880 -98.097382 112.498581 96.990419 -757.940810 -660.915088 0.000000
290086.029715 -178.540937 -71.099178 112.987810 428.040721 -1074.875873 0.000000
372730.507532 -191.308903 104.637438 34.637278 -633.000357 -1157.316215 0.000000
805018.935892 -97.617729 -91.190378 -50.204150 686.169895 -734.533050 0.000000
935319.375191 197.363706 -125.847391 -69.152896 724.084301 1135.565543 0.000000
371908.592387 -68.344110 -52.195204 -56.210060 462.885413 -606.099585 0.000000
203010.816659 31.902344 148.541411 20.280727 -1078.489071 231.627864 0.000000
838012.594918 31.389602 -161.703903 129.473677 1004.194270 194.931959 0.000000
548710.148313 33.731257 233.208027 75.602061 -1332.574041 192.743782 0.000000
93852.907536 67.064008 -178.061030 122.895769 1063.484294 400.545360 0.000000
652513.355746 -127.274879 -139.775077 132.676515 826.749903 -752.812994 0.000000
526338.647565 132.354652 -52.808712 -81.093208 370.717721 929.131072 0.000000
968588.766676 86.193681 -3.169021 18.669921 30.323186 824.755444 0.000000
723725.770501 104.070319 207.488422 -44.697233 -1213.069281 608.441215 0.000000
827969.850718 83.368213 176.752020 152.953630 -1008.553526 475.702091 0.000000
528617.589313 105.043203 151.126709 -39.194539 -990.299927 688.324893 0.000000
381767.075265 -166.172276 -147.817625 -37.527414 884.734758 -994.593088 0.000000
123664.584536 73.990159 137.967515 -160.283566 -828.525212 444.327146 0.000000
71721.066874 -20.620238 42.033216 204.647466 -260.769145 -127.925540 0.000000
243054.699555 108.621867 47.393026 -138.020339 -315.850388 723.909443 0.000000
193137.167212 -109.469040 -163.743317 128.751937 959.502072 -641.465997 0.000000
318612.761054 24.117287 158.564197 -10.254436 -1124.300042 171.003715 0.000000
377844.949033 148.386513 106.643745 53.036615 -694.945819 966.963289 0.000000
165717.490775 -171.544925 -89.098125 -120.288331 530.783716 -1021.943534 0.000000
273844.102105 17.288219 -174.673317 135.188863 1054.856897 104.404026 0.000000
485301.090976 -15.668139 227.747022 43.316731 -1343.009170 -92.393980 0.000000
858772.055215 -98.202944 144.660827 -41.514750 -970.009539 -658.490580 0.000000
547937.639125 12.836387 -171.224240 166.004561 995.923539 74.662678 0.000000
472554.053370 107.572865 -70.145253 93.547170 500.227099 767.134767 0.000000
114694.498412 -52.881842 -19.120586 233.454156 110.913065 -306.752477 0.000000
712906.133909 -131.261027 32.057953 -20.956085 -246.435000 -1009.026111 0.000000
619906.102200 -104.803165 -62.005643 19.883799 501.771918 -848.104826 0.000000
305223.845277 -81.305181 -53.899912 83.344404 427.733177 -645.212988 0.000000
263882.319754 -150.027665 115.721845 -85.300988 -721.622664 -935.548199 0.000000
945587.133475 31.404158 111.896022 -84.170768 -839.648453 235.651386 0.000000
680918.422148 104.144432 -160.064693 -48.860490 1024.806726 666.779868 0.000000
921409.360133 -36.493648 5.782705 73.623770 -57.271467 -361.430275 0.000000
769192.788575 160.553979 -57.027256 -84.294744 371.796472 1046.752151 0.000000
982131.575278 144.835507 80.114711 54.302013 -545.630092 986.418222 0.000000
28356.094272 -84.492277 -78.881657 75.361160 603.617398 -646.550920 0.000000
115215.078828 -61.193804 4.681104 144.277145 -33.604507 -439.295415 0.000000
826936.729041 55.718611 -170.829001 133.256352 1026.664351 334.862999 0.000000
903966.798153 24.126862 -73.719529 0.207806 752.399200 246.244543 0.000000
144248.590292 202.028664 21.712801 30.363988 -136.166496 1266.973147 0.000000
295693.312945 198.504088 -129.569248 36.792198 751.976633 1152.051415 0.000000
661789.247147 -96.175184 85.617292 118.839539 -581.396740 -653.091645 0.000000
207539.252102 -15.988070 -178.506663 -56.811116 1170.225798 -104.812068 0.000000
573822.210667 -163.155823 9.885323 -118.170901 -62.567128 -1032.661392 0.000000
475210.706606 -44.287507 61.901353 94.654361 -504.880521 -361.218268 0.000000
839859.145927 177.523612 -45.489774 -33.021733 299.652054 1169.390624 0.000000
570307.007309 202.623982 12.984858 12.500579 -81.835498 1277.013136 0.000000
728327.051103 200.068885 116.003418 48.760810 -678.261876 1169.785339 0.000000
754366.632191 -97.623751 46.718694 -215.100101 -270.629282 -565.509081 0.000000
133200.178861 -26.520754 1.317255 -51.637843 -15.538818 -312.848496 0.000000
61445.757456 97.452324 13.109773 -130.426185 -92.205147 685.412773 0.000000
427188.603642 152.628821 -139.110373 123.311361 806.276177 884.628369 0.000000
896174.153280 157.723149 -51.372632 -71.751137 343.494882 1054.590600 0.000000
897829.437467 -152.247711 168.958634 -72.922994 -982.727918 -885.530811 0.000000
59502.192539 -196.949563 112.888969 -93.506042 -647.620081 -1129.857888 0.000000
231004.791654 -96.418418 105.267959 -151.767417 -655.543369 -600.433927 0.000000
189205.806575 -132.277301 82.295777 145.245005 -506.874716 -814.720050 0.000000
378790.697200 81.004387 192.220267 44.950208 -1182.846493 498.468534 0.000000
236705.089490 -99.532970 213.374463 83.516740 -1213.482931 -566.054430 0.000000
445940.070957 14.148996 15.406228 -227.329142 -91.655612 84.176012 0.000000
603702.676227 -107.730156 -124.548370 151.610563 748.300377 -647.254685 0.000000
96293.659083 -107.423142 127.840676 -127.050716 -793.323387 -666.621088 0.000000
560445.273958 72.483129 -70.188622 79.131527 557.164497 575.378536 0.000000
785165.463773 8.367543 2.814695 172.698642 -19.240181 57.197340 0.000000
781857.661110 -167.412448 54.039528 -132.327852 -327.398115 -1014.267180 0.000000
446028.942558 136.514594 143.282237 145.565919 -821.710572 782.898754 0.000000
243579.054826 -5.441127 -139.382143 40.045297 1040.028077 -40.600072 0.000000
27610.796112 -1.947754 -32.681813 -29.163421 443.660637 -26.441058 0.000000
573208.242681 21.619058 145.803834 -131.012236 -933.284748 138.382758 0.000000
624985.928096 12.728314 -117.638261 44.347381 940.687369 101.781207 0.000000
168212.330654 95.333474 165.462682 143.352402 -962.511701 554.563623 0.000000
70530.661066 -44.685101 -67.789608 -141.827175 476.663579 -314.203917 0.000000
986324.426407 -177.711357 -22.339890 122.470580 136.326060 -1084.458762 0.000000
398991.263736 -100.966228 -37.780509 -211.756352 220.309813 -588.765257 0.000000
237575.557178 -123.395506 25.943383 -129.158860 -173.575909 -825.585742 0.000000
466942.537912 216.226523 -68.000468 -81.477042 393.848991 1252.353109 0.000000
981436.882793 55.446834 -230.162832 -48.474794 1330.881414 320.612848 0.000000
865779.616725 45.329380 193.186593 -18.702224 -1230.028252 288.614328 0.000000
399002.183125 171.523874 -59.434375 140.672591 352.537183 1017.400165 0.000000
223238.334837 -76.293963 -158.195284 24.775136 1067.722550 -514.938137 0.000000
172230.041589 -148.177801 -142.773145 -16.144359 893.297372 -927.113008 0.000000
190228.204460 -118.831811 -53.520480 211.781396 305.080132 -677.371070 0.000000
718040.551285 -115.688972 -69.451175 -173.240581 421.288058 -701.764685 0.000000
937265.021794 -70.131108 132.843749 111.726920 -872.727588 -460.731898 0.000000
319157.217045 -37.973216 21.993465 -181.996519 -144.488156 -249.468650 0.000000
709540.505280 -119.804340 112.740176 83.087200 -746.483783 -793.257564 0.000000
155719.283829 -147.597090 -109.828180 106.383590 677.204644 -910.089152 0.000000
411256.596113 -56.746529 182.985754 -136.977948 -1071.801749 -332.381227 0.000000
34280.288217 65.196985 32.969285 154.383834 -226.763785 448.426930 0.000000
975845.256192 -100.953338 85.245356 209.536038 -486.853760 -576.565275 0.000000
433427.166407 -53.780412 -219.946845 -58.321964 1292.960793 -316.148953 0.000000
334901.646910 -1.443026 -110.093198 -170.702737 694.350174 -9.101064 0.000000
408425.297662 -12.388912 -166.640973 82.602247 1097.139372 -81.566753 0.000000
247410.521919 -203.476206 -79.082661 -38.847630 477.387713 -1228.297581 0.000000
159285.244223 41.318824 100.686788 26.594759 -855.060527 350.891073 0.000000
72308.904330 -47.819125 -222.690354 -2.221749 1326.330191 -284.807800 0.000000
590023.861431 -15.530379 -87.234259 -123.312182 636.344821 -113.288932 0.000000
33290.974312 -76.456654 195.880984 32.858112 -1206.941627 -471.095845 0.000000
269279.376172 84.028840 -156.997913 -15.376812 1055.593414 564.977508 0.000000
619106.020764 227.328810 -68.687159 38.085467 398.117594 1317.620350 0.000000
942957.894313 135.736447 63.670047 60.406914 -450.160527 959.685027 0.000000
416846.277615 -42.215023 -111.913368 164.802486 704.957798 -265.918274 0.000000
144490.521450 3.538487 -95.696295 -69.800573 790.205959 29.218824 0.000000
399965.683397 -130.332550 -3.194169 75.084015 23.408380 -955.138597 0.000000
552650.970580 62.193401 30.382055 165.549374 -203.876268 417.343666 0.000000
969136.340384 -83.239886 -76.664947 193.166323 460.575225 -500.075079 0.000000
320223.829877 107.972343 97.693113 93.276620 -667.794377 738.059433 0.000000
964272.884133 162.194603 -170.265252 60.806426 982.038094 935.489046 0.000000
495747.856028 31.907764 -65.238832 -107.145837 515.441487 252.098100 0.000000
751476.611431 16.992984 -131.485173 -125.348768 874.995634 113.083375 0.000000
331736.473062 -161.107246 6.871975 -187.000178 -39.310171 -921.591451 0.000000
121643.816981 -24.209710 136.054146 -9.650718 -1039.079668 -184.895631 0.000000
261356.797542 3.724921 148.226964 -53.862317 -1060.823173 26.658321 0.000000
718789.911929 -124.091948 107.862963 -86.569063 -711.274034 -818.291820 0.000000
571794.045147 -39.703341 103.462540 61.495802 -826.104427 -317.014307 0.000000
832692.067521 150.619232 -187.390044 -61.524583 1069.254015 859.438502 0.000000
690712.091315 -40.348186 65.732102 -51.641239 -613.285985 -376.451939 0.000000
547137.839846 -8.477937 -63.284561 -95.399669 530.935585 -71.126959 0.000000
802473.473706 169.344308 -108.133356 -54.158145 673.805898 1055.226600 0.000000
697107.243645 22.974127 150.083906 -176.553307 -884.080472 135.330813 0.000000
570260.917568 -178.180876 62.646089 -112.992945 -379.575170 -1079.605091 0.000000
235288.404451 -8.901234 -67.077676 -120.207647 513.372268 -68.124702 0.000000
210182.745693 183.625264 -7.872756 -42.713008 51.517634 1201.604450 0.000000
808936.107860 -52.030982 -221.177898 25.276730 1314.900856 -309.323779 0.000000
794366.445059 117.701517 -50.364661 151.539737 321.427395 751.171387 0.000000
950875.352824 -48.867349 102.630870 -124.754306 -710.118108 -338.120387 0.000000
394516.038128 -65.340554 78.483590 155.378871 -517.373877 -430.733303 0.000000
371034.760629 69.014055 -72.974718 -110.392339 536.939127 507.797053 0.000000
906095.653972 -89.187232 -202.924683 -82.598831 1185.987577 -521.252261 0.000000
744216.691466 -144.330554 121.598598 23.119231 -792.685815 -940.872545 0.000000
356834.153760 -34.625024 -245.279329 1.285818 1400.847560 -197.751600 0.000000
409319.299264 -89.250781 18.569853 226.146783 -106.898315 -513.776727 0.000000
212639.450882 190.240481 -89.552805 127.066767 513.573688 1091.004415 0.000000
227434.333595 -45.891640 103.023011 -161.093917 -660.379333 -294.166227 0.000000
638379.050090 -60.941507 71.938407 -143.855659 -493.065122 -417.692477 0.000000
692939.927553 -23.392024 82.726290 -40.315357 -763.121873 -215.783458 0.000000
390797.580156 -134.986761 50.332749 36.381334 -371.162741 -995.416634 0.000000
520079.646712 -233.896123 63.665906 -26.592548 -366.472962 -1346.350200 0.000000
871396.461933 105.818880 -124.644639 153.584698 748.065147 635.080793 0.000000
459525.010477 18.159855 182.774676 -152.005060 -1064.031671 105.718481 0.000000
286824.359537 71.853277 -213.225517 27.498303 1273.026715 428.987781 0.000000
789257.125329 -4.623544 -129.097435 149.984604 824.800914 -29.539729 0.000000
856497.978534 135.401561 24.641160 202.844776 -141.472525 777.382273 0.000000
126231.223359 -159.148229 -55.683710 174.599877 321.276753 -918.233117 0.000000
214670.272447 64.604891 188.282490 113.828011 -1117.657150 383.498849 0.000000
346181.962288 -92.334714 64.854070 -110.734118 -463.644240 -660.104420 0.000000
941619.956423 55.011580 -71.230828 -151.921786 481.840699 372.125653 0.000000
994889.221552 95.827688 118.127818 -69.837984 -820.752577 665.811181 0.000000
317165.790141 -45.869018 -176.864467 65.614210 1141.009002 -295.915643 0.000000
430474.459163 160.074143 -45.504107 -21.603722 315.750441 1110.745483 0.000000
242709.321437 39.634332 -107.562620 186.320796 653.706600 240.875732 0.000000
293624.731619 177.236095 88.340907 -22.535584 -562.474251 1128.477659 0.000000
934350.334128 -56.184909 121.645348 50.631695 -913.624927 -421.980247 0.000000
453925.311590 -217.904347 -40.450389 -109.353641 231.291351 -1245.955643 0.000000
675343.038846 -127.640631 -44.235072 -183.914384 263.219760 -759.522591 0.000000
896415.169593 -124.171326 -39.678062 -79.215373 288.779686 -903.727517 0.000000
822311.736728 175.136729 45.354247 22.963150 -301.892459 1165.766400 0.000000
380740.106925 111.533514 84.592740 -78.064583 -600.618720 791.901483 0.000000
474497.423409 -69.128386 -17.579237 -91.983708 146.463958 -575.953158 0.000000
992678.019792 -52.430110 164.334834 74.979877 -1077.098855 -343.642369 0.000000
217332.961428 -65.046460 -178.518543 -52.678149 1142.803848 -416.401252 0.000000
626770.636130 121.015180 -123.296631 155.617669 726.826354 713.377333 0.000000
733565.029420 138.003785 -190.155981 -15.667661 1113.885732 808.391330 0.000000
33941.301240 -74.447478 17.942297 16.834218 -182.139765 -755.747514 0.000000
120112.417925 144.612067 -99.220932 3.658774 673.401654 981.466344 0.000000
517079.091857 -103.014323 138.738425 -126.612389 -852.060755 -632.661512 0.000000
737092.830911 106.304535 -171.723164 15.537264 1084.567997 671.397465 0.000000
335498.995458 -5.503259 77.012166 193.341950 -479.774442 -34.284491 0.000000
946983.629961 33.956140 0.473030 201.931429 -2.971420 213.301525 0.000000
400502.732615 -100.326101 119.662954 -120.859261 -765.460679 -641.766587 0.000000
374179.597747 -35.373204 -11.563926 -70.760400 116.252258 -355.607173 0.000000
71118.983042 13.936417 23.771030 -50.129832 -282.514592 165.631908 0.000000
230442.718627 -200.405390 -64.034264 -92.792871 379.585100 -1187.971795 0.000000
489175.265517 -134.842420 124.727985 -6.297735 -827.003247 -894.066549 0.000000
597428.164882 230.399956 -67.181766 49.028969 385.848492 1323.267913 0.000000
375205.231768 -99.413439 54.597965 44.717182 -444.478918 -809.319127 0.000000
321981.116100 -1.183897 8.095409 126.890709 -64.532594 -9.437440 0.000000
797692.531230 -37.240525 180.026004 -48.854369 -1173.315678 -242.714337 0.000000
833221.713810 -85.907102 -91.319207 159.680270 576.101057 -541.957972 0.000000
57471.004063 62.350937 26.045181 213.658155 -156.395040 374.402353 0.000000
783581.695502 -29.740074 125.779920 -61.081362 -945.623067 -223.588153 0.000000
453200.959194 -31.560727 -191.010738 -90.040524 1175.031991 -194.150677 0.000000
219037.967667 -42.590107 18.164225 169.629752 -123.131546 -288.709567 0.000000
437622.565710 -61.236608 87.182774 214.085529 -506.779366 -355.958499 0.000000
498686.769175 94.782866 -56.000037 139.293587 377.779889 639.411372 0.000000
114172.514856 121.171176 -166.745634 42.911326 1032.977254 750.646753 0.000000
210103.298162 -76.866210 -168.072311 -75.125402 1069.620221 -489.180237 0.000000
595490.790493 9.985219 -55.722045 37.135644 608.735340 109.083495 0.000000
843876.241503 -70.867789 41.911454 -9.762083 -413.746428 -699.600992 0.000000
980803.783032 -85.989013 98.712327 -133.208299 -649.268891 -565.582768 0.000000
268650.909047 115.204682 37.489284 -121.472128 -257.278820 790.618585 0.000000
73534.386714 162.418042 -61.214159 108.238839 384.727578 1020.788341 0.000000
438403.146036 58.816809 29.765014 237.871991 -170.296895 336.513194 0.000000
910536.323009 -22.108572 -6.599351 -134.339194 50.810006 -170.219256 0.000000
44720.887866 99.236624 34.038541 25.752557 -294.382145 858.247436 0.000000
207270.626147 17.485692 54.915277 -189.596198 -350.662021 111.655053 0.000000
297974.245490 178.806733 113.439105 -117.639761 -655.159545 1032.685662 0.000000
300106.570450 -123.566324 -184.222138 -7.565401 1111.516243 -745.545443 0.000000
279890.997251 -107.475788 -111.207038 4.602872 803.637844 -776.673958 0.000000
613301.874164 21.894138 116.958574 17.276774 -958.775851 179.478679 0.000000
241093.813451 -23.583685 -64.761406 114.616287 503.369419 -183.308341 0.000000
944193.721888 2.822717 33.009726 -75.620067 -326.561612 27.924829 0.000000
531728.045513 -157.714717 13.352330 -72.883030 -90.922723 -1073.958771 0.000000
504005.129233 -151.241772 102.526844 -41.362326 -673.328183 -993.255462 0.000000
491036.656655 -210.653031 -6.524723 28.786499 40.213592 -1298.310301 0.000000
972815.387097 30.726184 -182.552882 -99.892004 1131.412054 190.432351 0.000000
29982.056639 -5.154856 45.324467 92.860131 -400.546592 -45.555089 0.000000
831448.733617 94.236510 9.883150 40.037836 -87.592531 835.200777 0.000000
269640.908817 42.818116 13.057235 -82.309639 -121.254707 397.626159 0.000000
678151.986363 -22.548893 -132.806752 190.933721 780.951660 -132.595633 0.000000
183944.876409 -175.016414 -123.287080 -10.501231 756.961491 -1074.570712 0.000000
785822.088492 -83.558425 -130.874520 77.175828 893.389684 -570.395482 0.000000
267641.694170 11.378451 -122.535934 188.503508 734.114958 68.168499 0.000000
192677.035985 -133.891683 -99.254308 -85.208391 652.104990 -879.674001 0.000000
729177.310335 87.063875 145.158269 20.041969 -999.426257 599.441721 0.000000
87788.296326 131.734865 -127.777485 -141.080882 754.917091 778.297528 0.000000
791722.415416 141.151623 -80.921445 145.215717 492.560535 859.175449 0.000000
385678.838027 -106.466332 46.649143 120.752059 -323.893769 -739.215760 0.000000
313890.271172 -158.579381 -188.608984 13.452420 1079.221622 -907.392069 0.000000
544915.177434 33.852005 131.137966 13.368879 -1010.445807 260.836870 0.000000
316313.604234 130.339257 212.094533 1.897705 -1208.312432 742.548818 0.000000
168729.249429 -84.791602 34.218308 -102.785474 -262.242552 -649.826582 0.000000
794867.663862 236.288561 -20.124039 51.551845 116.118522 1363.418055 0.000000
504184.498311 76.399308 -17.453402 -158.718030 117.919511 516.172659 0.000000
622570.690113 -65.312651 -13.533625 61.954594 127.501971 -615.318653 0.000000
323931.173121 -71.712542 191.943454 40.485831 -1193.843540 -446.035293 0.000000
422792.661230 20.060471 -19.829805 -83.783061 189.578235 191.783461 0.000000
295767.007899 -164.519187 111.696587 -132.441288 -649.558326 -956.741926 0.000000
105965.260323 93.652349 -76.447478 29.665895 615.914790 754.529366 0.000000
502251.621021 211.282089 7.102041 -60.528782 -43.050689 1280.735953 0.000000
11629.874007 -1.750080 -115.461646 37.102583 942.393888 -14.284094 0.000000
635568.130560 -18.872075 -205.030574 -1.249039 1284.384347 -118.221379 0.000000
508911.511088 -36.903283 27.586691 222.941865 -164.349532 -219.853742 0.000000
494977.093494 -8.897039 -104.692715 170.572783 664.877870 -56.502925 0.000000
507993.775442 -78.758322 -151.758236 -142.408376 914.485590 -474.592696 0.000000
688267.423916 148.713651 105.827020 154.810121 -614.892314 864.078770 0.000000
803264.469297 -161.888361 157.362567 -98.350604 -901.385901 -927.310023 0.000000
933176.132816 72.139151 -217.749760 83.605175 1252.667174 415.000900 0.000000
573455.692469 221.712599 69.561042 -4.035178 -410.157070 1307.297702 0.000000
797703.219424 -135.645210 76.812009 137.637791 -478.799477 -845.529971 0.000000
697504.629208 7.913423 -92.015417 -113.561371 683.648411 58.794488 0.000000
339945.339173 -110.351442 11.275496 -6.075583 -96.161105 -941.113043 0.000000
45044.757319 181.254930 17.728761 -13.485071 -117.926583 1205.655294 0.000000
747147.215910 -125.109083 -150.381316 40.390999 956.447384 -795.712250 0.000000
361758.451631 13.456597 224.457379 69.803381 -1314.904248 78.830721 0.000000
420258.808310 -46.614945 -132.307962 -13.045922 1001.981000 -353.019490 0.000000
959474.230321 -189.024760 -33.507763 92.818042 206.264214 -1163.582419 0.000000
764796.046711 27.540068 70.582274 219.179476 -416.625855 162.560709 0.000000
158817.067830 25.642972 -113.713854 109.821847 807.700647 182.140035 0.000000
729515.575137 -90.355004 133.475556 73.863082 -901.057087 -609.961997 0.000000
708913.306649 -21.683737 -33.766005 -196.711295 214.212028 -137.561945 0.000000
80332.363114 -115.289038 97.238681 -31.198044 -704.311797 -835.052769 0.000000
136568.287502 -37.199283 36.588240 122.123395 -285.393068 -290.159287 0.000000
408991.710966 74.824777 90.657822 57.833904 -711.978343 587.634026 0.000000
128713.699746 -97.916722 -139.527318 182.833816 793.273844 -556.699404 0.000000
513727.486590 -44.784040 -50.591060 193.524253 317.631792 -281.172901 0.000000
264847.359982 145.648394 104.042099 -25.809067 -695.446140 973.554115 0.000000
372135.190115 -31.573727 -23.486136 -92.228501 210.826937 -283.426453 0.000000
627600.409412 -44.429083 -98.144048 136.375584 669.193548 -302.938956 0.000000
460576.259923 -13.224685 189.776933 -22.668285 -1232.453870 -85.884064 0.000000
407423.816154 85.583695 120.467209 -101.871441 -808.278414 574.226409 0.000000
440757.045527 76.703959 -137.005744 135.184385 855.572946 479.000591 0.000000
26564.162310 -41.933207 133.190931 -120.263472 -881.928859 -277.662341 0.000000
823066.872234 168.666041 -54.374683 45.174722 361.424584 1121.110964 0.000000
715004.031473 130.850249 123.321929 39.457863 -817.029395 866.905833 0.000000
259050.474939 102.608497 30.645044 22.153110 -263.419439 882.004691 0.000000
987204.671614 -181.757425 140.326606 -87.616381 -804.598783 -1042.153065 0.000000
533017.820594 -2.400364 -166.473147 62.730874 1121.868415 -16.176134 0.000000
894534.341540 81.636826 -105.428748 153.014306 665.209475 515.092807 0.000000
425818.778867 -177.394885 52.922700 -19.819012 -348.644278 -1168.642415 0.000000
695006.087247 95.105716 164.215227 -59.913428 -1046.385199 606.016970 0.000000
280893.753357 -70.790348 18.663568 -237.920819 -106.331549 -403.312337 0.000000
380788.968756 78.622179 -175.698851 -94.443162 1078.582848 482.647058 0.000000
702298.326704 -81.470319 189.211234 -140.801233 -1076.699671 -463.603897 0.000000
479178.056451 -93.144502 -29.069703 156.152829 192.566820 -617.018357 0.000000
347831.113116 -29.976029 -34.416157 163.832743 237.220769 -206.616233 0.000000
916188.690712 88.505286 -164.299382 -72.415853 1043.836872 562.297190 0.000000
234232.500153 -67.862440 -135.622608 109.281937 891.667358 -446.169878 0.000000
184631.075249 -113.668438 83.513409 97.749403 -573.047678 -779.963778 0.000000
329180.296907 -16.273723 -105.477485 30.666836 899.741458 -138.817712 0.000000
362313.368150 -70.000000 -125.560496 -103.917188 847.431222 -472.443066 0.000000
516659.561977 -94.056541 193.542804 127.022903 -1100.567085 -534.845682 0.000000
626413.073626 79.709159 96.190966 0.236758 -773.597258 641.045512 0.000000
419029.361223 -54.997979 2.067112 -15.696930 -24.561349 -653.483850 0.000000
533626.786542 16.524192 144.291415 196.294575 -830.022306 95.053804 0.000000
798409.220866 60.180021 -107.237386 -154.371331 686.150617 385.057492 0.000000
869928.976250 168.060666 91.829562 95.854187 -564.050065 1032.288809 0.000000
747099.134361 -22.686541 -51.298352 26.434855 585.578284 -258.970222 0.000000
519666.296173 -95.083307 180.985657 8.404774 -1137.315983 -597.504615 0.000000
156780.486484 -55.242495 69.755367 -194.685126 -428.568167 -339.402913 0.000000
595974.286686 41.196423 -163.396071 -18.006467 1128.242587 284.459467 0.000000
901346.026732 87.092435 -141.604748 -26.515668 981.032143 603.372976 0.000000
548137.238654 -81.617791 38.879744 65.786837 -330.516266 -693.831918 0.000000
27668.981568 -139.992246 78.345354 -142.829952 -480.516639 -858.616364 0.000000
563172.177433 -199.344177 68.413620 -118.871133 -395.338053 -1151.939324 0.000000
567544.351526 -58.575191 161.824180 -123.853894 -998.958804 -361.591220 0.000000
75240.350732 -156.763592 -131.409308 -105.041772 778.959897 -929.253438 0.000000
631579.681297 -58.441390 108.694737 -3.265776 -879.353769 -472.798018 0.000000
68292.244347 -3.991818 -57.968236 15.480221 671.957825 -46.272465 0.000000
188565.500467 0.115424 -0.149594 132.912482 1.166371 0.899954 0.000000
569427.856732 -130.562665 -155.169251 112.309612 916.097857 -770.823971 0.000000
473115.354651 172.000529 59.812614 122.902349 -362.732544 1043.094175 0.000000
208546.909935 70.180992 -165.947422 -165.680357 953.442034 403.221133 0.000000
540173.592968 -62.246694 -175.192370 34.066248 1145.434157 -406.978279 0.000000
512874.786671 -55.990867 -12.851896 -230.122004 75.011895 -326.798544 0.000000
888834.555677 43.815519 -53.911845 20.924625 568.929289 462.383213 0.000000
940475.457520 -183.961190 -58.286884 104.029871 353.856886 -1116.819593 0.000000
291660.522327 -103.592048 125.113551 142.152358 -765.477055 -633.802939 0.000000
743081.294007 182.958602 -68.948714 52.728644 435.526391 1155.689428 0.000000
152292.546682 -48.151614 32.038775 -184.190337 -207.270934 -311.510979 0.000000
329599.515391 53.415021 -154.281194 -26.244358 1078.451723 373.380056 0.000000
426734.876972 -91.140693 -51.263514 -93.631041 388.946691 -691.502944 0.000000
744238.359433 -18.511006 92.756601 -174.017139 -592.448132 -118.232137 0.000000
826232.927245 91.889204 23.908442 178.085148 -151.279306 581.423713 0.000000
350959.513928 -189.831952 85.607617 114.259196 -499.297994 -1107.176164 0.000000
885158.855780 27.053142 41.028914 181.537677 -268.926338 177.321353 0.000000
636507.251336 -15.793498 -244.618120 -11.785079 1403.613942 -90.622779 0.000000
270748.636181 50.760250 4.729789 5.207633 -59.390904 637.385082 0.000000
68180.305984 -184.228892 53.471891 91.019348 -329.856838 -1136.469255 0.000000
990627.597640 146.365805 -104.963485 -22.158024 700.393060 976.659592 0.000000
489119.155557 -51.007797 -10.114983 -71.324899 96.776002 -488.021637 0.000000
606050.197914 131.804899 -27.750497 -102.451212 191.750926 910.748060 0.000000
221702.856716 -27.050573 52.521828 -224.546327 -309.831456 -159.574001 0.000000
936147.371442 -82.400032 -178.042008 140.109565 1030.736987 -477.037763 0.000000
118046.244959 -231.411263 75.990250 -14.963253 -437.264136 -1331.589863 0.000000
607360.911270 -14.796013 -99.434222 208.432408 587.558856 -87.429944 0.000000
949258.922735 59.024782 -89.819606 111.978067 648.059737 425.871211 0.000000
256319.430989 25.961360 -91.278937 -165.781011 593.656501 168.846512 0.000000
746300.034895 129.669399 -81.645784 -39.894797 583.234418 926.289791 0.000000
699506.752473 113.789157 -18.223699 -190.885330 109.702206 684.982869 0.000000
104684.475726 -165.221664 163.190076 -1.851701 -962.579324 -974.562681 0.000000
648025.693305 -67.723791 -65.531887 -161.987147 430.296018 -444.688519 0.000000
974864.768315 52.764156 -185.682669 101.332033 1130.405945 321.219615 0.000000
601936.865551 56.634646 134.952287 54.188240 -971.034322 407.508357 0.000000
380617.360786 -44.710603 -66.930219 73.635736 576.013748 -384.787658 0.000000
358980.055160 -74.006172 173.391909 149.868211 -1004.323187 -428.659644 0.000000
679464.173856 171.811094 -56.967848 71.327925 367.124286 1107.221477 0.000000
922078.982979 -98.640030 -60.839442 -191.482091 365.543156 -592.661383 0.000000
359273.941833 -13.290361 -149.173070 -104.628384 992.056575 -88.385858 0.000000
642400.352612 151.282202 -86.939512 -154.244039 512.095490 891.090041 0.000000
24974.790810 -23.352267 49.342850 -90.312517 -431.761333 -204.337732 0.000000
760347.969897 72.877932 -13.508353 138.871611 96.780345 522.132600 0.000000
672674.186962 -170.999406 15.022922 -43.241837 -101.495787 -1155.282538 0.000000
520312.139299 106.568873 94.518328 34.881416 -701.576408 791.023370 0.000000
444612.563541 -17.328142 32.203397 -110.261837 -268.574130 -144.515524 0.000000
780895.502595 -84.164034 172.802032 151.745522 -992.589120 -483.445151 0.000000
78665.166233 -116.386761 134.377948 45.430004 -891.727062 -772.338218 0.000000
670290.741623 -43.473496 10.273038 -148.363231 -74.185585 -313.938942 0.000000
467751.589725 -121.368125 87.758662 -196.636805 -501.752117 -693.911145 0.000000
146170.702133 -151.224361 16.451629 40.842580 -117.833422 -1083.131883 0.000000
910820.379147 -13.110340 -186.251786 -73.728539 1181.643808 -83.176396 0.000000
248741.075559 74.185464 110.001477 138.049149 -714.581892 481.917069 0.000000
442668.214146 -21.572102 -16.057470 -64.905007 172.203563 -231.343595 0.000000
460553.082605 92.633158 105.646465 -86.806771 -738.940612 647.919479 0.000000
375002.509750 -94.437309 -181.457523 45.183982 1126.930427 -586.496915 0.000000
25007.682216 132.663443 -134.600706 111.993063 816.314614 804.565671 0.000000
771202.443985 118.418607 -98.568920 -24.047634 709.525143 852.408440 0.000000
361541.954936 -14.145270 146.793377 -119.139593 -958.318092 -92.345228 0.000000
806603.628258 -189.385349 -98.655288 -28.930817 604.102710 -1159.676338 0.000000
866761.519251 4.942201 -224.683962 -107.170437 1279.948282 28.154043 0.000000
299524.469215 -40.605000 221.295301 47.546472 -1311.755426 -240.691187 0.000000
418225.460930 23.142633 -50.054629 32.512015 562.347615 260.000023 0.000000
787489.147156 28.235293 -3.362406 -78.121124 33.148474 278.359289 0.000000
753711.308367 1.571597 146.163717 167.844484 -880.664482 9.469175 0.000000
894933.595880 112.939731 86.963636 -19.210242 -651.806247 846.501197 0.000000
538056.394744 39.518501 12.623714 159.565821 -88.373327 276.652442 0.000000
152887.114642 126.940756 -5.457528 117.703034 37.276014 867.030971 0.000000
935467.744720 13.916876 -233.245639 -10.237887 1370.939749 81.798739 0.000000
132849.866663 -27.186885 -113.300247 86.145697 846.050778 -203.013549 0.000000
118699.585425 -83.241636 -44.844912 -13.607157 412.435453 -765.567379 0.000000
908302.348395 164.472235 -135.820908 -127.779129 774.247167 937.574079 0.000000
465158.935368 71.655301 53.154534 -75.208561 -442.315241 596.265816 0.000000
719452.216661 -13.679616 123.403573 133.682266 -821.232844 -91.035854 0.000000
514244.668823 -114.352174 12.571989 81.132556 -95.246797 -866.344882 0.000000
678757.214303 82.546999 96.839526 -66.203136 -726.816308 619.545626 0.000000
804561.091222 -18.873446 -147.440906 -24.407147 1079.845252 -138.227589 0.000000
403802.834898 -127.569430 -136.624805 -139.259614 804.392924 -751.078450 0.000000
421554.412931 97.591551 206.519664 88.342133 -1186.226494 560.555260 0.000000
30496.936615 183.802183 54.459364 115.882457 -327.077238 1103.896667 0.000000
617524.559597 -72.863035 -80.381596 -214.318934 466.190083 -422.584594 0.000000
618186.572834 69.231779 181.527450 56.082313 -1147.472893 437.628522 0.000000
985468.826443 46.710045 176.360265 136.146030 -1050.705476 278.285475 0.000000
990940.758121 -18.853497 198.597925 -51.611127 -1243.611205 -118.059744 0.000000
400933.404588 -112.637765 95.363289 -201.360853 -542.521271 -640.795683 0.000000
312448.797500 -52.494244 -187.832061 48.997996 1190.638110 -332.752816 0.000000
308596.322852 197.757683 -104.232329 -5.785935 626.545603 1188.731059 0.000000
528744.518648 -116.982435 17.422394 -217.293235 -99.567404 -668.544011 0.000000
355886.916108 -107.711695 157.722469 135.011013 -927.022315 -633.081298 0.000000
703784.802523 47.450364 183.245403 120.517896 -1099.583378 284.730917 0.000000
989425.419714 137.620571 -171.095554 33.573665 1031.915074 830.020054 0.000000
79276.645686 84.566217 -120.150644 -140.930510 756.925589 532.750650 0.000000
309514.939482 53.561019 -90.091881 82.320407 701.485173 417.043799 0.000000
723831.721206 100.808141 -85.368053 135.779186 557.532098 658.370110 0.000000
582979.266157 -43.228859 12.907367 -112.160836 -105.521448 -353.408402 0.000000
294295.967231 194.425960 -75.243968 135.605922 428.882972 1108.208214 0.000000
171664.912009 -225.393632 56.138330 61.002278 -325.625287 -1307.375288 0.000000
955997.472601 -101.983084 -133.361019 -139.405165 811.499680 -620.565447 0.000000
155712.084541 -235.712520 -3.140969 -40.029513 18.258803 -1370.223174 0.000000
690268.550084 166.528239 113.585130 -127.707138 -660.949556 969.024428 0.000000
439025.113854 58.048155 78.990188 -201.772972 -474.068081 348.382221 0.000000
269846.232130 161.252253 -127.963541 -53.375599 788.760397 993.950234 0.000000
207059.030634 -9.106208 -109.312247 26.629642 924.850803 -77.044286 0.000000
98725.206809 96.950082 -41.678850 -225.010911 237.647591 552.797240 0.000000
92722.120754 151.779834 53.067073 -11.798198 -375.680880 1074.503993 0.000000
597895.844155 71.750685 150.444221 163.361123 -885.207069 422.177824 0.000000
145820.190977 -97.991778 -178.044303 -4.404781 1122.508331 -617.804587 0.000000
883712.166633 211.837720 -114.177427 58.385531 652.205383 1210.061433 0.000000
72948.027014 88.330112 226.250137 2.898319 -1304.914384 509.450449 0.000000
154333.803799 34.598930 -217.271979 -19.221954 1314.204693 209.277222 0.000000
89316.368761 -41.288147 158.927967 119.692035 -1002.183930 -260.358942 0.000000
854966.036563 -21.305284 -29.457376 -222.490497 176.353153 -127.548832 0.000000
791178.802036 34.900370 -46.031893 -177.408946 302.925397 229.671379 0.000000
868240.508070 26.740133 -170.166851 -111.816947 1067.375743 167.728137 0.000000
841173.530809 42.453505 73.121341 66.256715 -634.173290 368.194544 0.000000
57579.341101 -150.119724 -34.247074 172.110281 202.574485 -887.971508 0.000000
254004.147604 57.266597 205.902599 123.557711 -1177.981846 327.625841 0.000000
287172.213500 53.315277 -105.228125 129.783635 714.238918 361.878969 0.000000
150562.426647 127.426149 -113.503847 -68.305567 752.543193 844.849616 0.000000
607611.804045 217.622043 61.250565 41.078045 -363.212348 1290.486278 0.000000
330612.037622 -60.370853 34.887043 -126.452252 -260.965646 -451.592260 0.000000
37452.380213 -66.535472 -32.946851 173.256564 215.709794 -435.621397 0.000000
551559.209840 8.959148 52.874833 26.510716 -614.496409 104.120690 0.000000
681372.836606 28.846546 26.336732 -132.017917 -201.762109 220.989455 0.000000
300267.647214 37.357209 9.182561 -22.977328 -123.306885 501.646665 0.000000
528296.577776 -164.015313 71.292887 50.100665 -470.236895 -1081.819724 0.000000
628401.390361 -9.784093 56.224023 -102.192318 -467.139241 -81.291478 0.000000
469326.702429 94.281422 -142.329837 116.663803 889.711672 589.358376 0.000000
589597.064277 237.344031 58.143389 24.426895 -333.510541 1361.405604 0.000000
770498.708311 -105.789750 -63.726732 -33.799926 506.231836 -840.371661 0.000000
721336.562362 57.916303 141.406323 -31.897422 -1017.353309 416.681103 0.000000
744633.375566 51.972910 67.103303 24.182362 -642.068870 497.295757 0.000000
670421.428445 30.009632 -204.720799 87.491429 1227.772978 179.976902 0.000000
706626.811917 -36.042845 234.955291 -9.499156 -1369.303245 -210.055216 0.000000
174683.478309 5.685201 -70.957071 -167.269938 473.064247 37.902713 0.000000
641303.251590 -20.057891 -168.126703 -72.125992 1113.999922 -132.902676 0.000000
476741.658668 26.411634 146.156771 49.675336 -1049.816625 189.709804 0.000000
492695.868917 -106.006732 -170.296421 -134.109351 985.454117 -613.429042 0.000000
443159.905288 -39.028517 50.700474 -114.817923 -397.512810 -305.999807 0.000000
623815.772099 -13.292660 147.805366 152.222809 -911.220568 -81.949295 0.000000
262037.189082 106.393963 -31.621559 91.877405 236.797217 796.728417 0.000000
444082.741958 -49.495025 38.793535 11.439908 -436.166131 -556.485862 0.000000
22585.085985 -223.248000 -92.430810 -4.510459 534.457010 -1290.873238 0.000000
968973.453200 74.082094 177.342762 45.385965 -1134.376391 473.867541 0.000000
911263.497053 86.631673 -130.016582 -63.839799 899.602872 599.416631 0.000000
208230.727738 -4.202117 152.616883 -113.298005 -994.931478 -27.394208 0.000000
510400.042040 93.834725 -136.325717 94.381362 887.798277 611.082844 0.000000
996423.256378 -22.396486 4.827137 -161.187607 -34.006176 -157.778593 0.000000
93330.777460 21.250762 -152.022444 -118.335751 981.556542 137.208849 0.000000
769409.744315 -26.819932 -176.381363 89.707177 1121.960481 -170.601379 0.000000
994823.415793 61.025285 -27.476811 19.098398 296.056940 657.534791 0.000000
192725.476979 30.640320 -108.018681 221.707465 615.922201 174.711013 0.000000
770899.146570 -3.882356 -50.317514 -187.864354 324.292752 -25.021505 0.000000
661995.265592 210.865473 93.905007 -91.533418 -535.663684 1202.842952 0.000000
529876.054443 -71.769853 -54.353192 136.384716 382.189397 -504.656230 0.000000
16629.201420 -9.219508 5.940597 -176.461941 -40.159807 -62.326001 0.000000
734843.901450 -123.210237 -48.311416 -126.084323 321.203146 -819.175238 0.000000
601440.123808 -34.614538 91.904389 -37.416736 -805.850506 -303.512632 0.000000
785794.933103 25.548841 -197.499545 -3.965830 1257.893293 162.722984 0.000000
260444.837048 -101.036025 224.031473 -10.029643 -1284.037519 -579.088491 0.000000
240749.812048 139.358429 133.611451 -132.944955 -784.446019 818.187094 0.000000
513178.923780 150.196454 51.814371 12.595149 -368.924476 1069.416602 0.000000
600045.809446 -19.855542 68.038157 31.986451 -693.555170 -202.399870 0.000000
649117.352320 -44.493469 171.015191 15.761869 -1154.121011 -300.270676 0.000000
693112.551021 26.131788 -126.198886 -198.801294 736.988205 152.606893 0.000000
664399.965664 -125.908473 56.185566 24.671873 -426.740833 -956.300524 0.000000
611113.520113 -35.363954 -130.277804 -98.175161 906.412432 -246.045960 0.000000
699843.183135 192.871579 -90.594599 -93.127454 534.010407 1136.882675 0.000000
453320.152059 -35.396663 66.181063 127.957940 -488.431532 -261.235549 0.000000
454166.863567 -26.659926 75.717599 -93.059792 -613.944758 -216.168000 0.000000
831085.787085 -41.083149 28.448018 9.871686 -358.295671 -517.431974 0.000000
825497.041071 166.828565 -160.898924 2.220910 949.979817 984.989617 0.000000
103548.770608 -60.551933 -2.097106 158.595244 14.467379 -417.731710 0.000000
296335.791030 83.212763 -179.499006 -121.724353 1058.638246 490.767137 0.000000
68014.266448 40.419260 43.112243 106.487448 -351.161321 329.226221 0.000000
425544.520205 218.410676 111.237128 34.182074 -635.604833 1247.990524 0.000000
874746.408857 -160.123957 -103.913364 25.733896 673.029179 -1037.095628 0.000000
944851.739326 -16.318507 -147.217550 131.132858 940.856910 -104.290417 0.000000
631922.140970 177.310223 25.652614 -122.232647 -156.576140 1082.250325 0.000000
475755.406839 -16.899537 -74.021665 40.346117 717.571325 -163.825324 0.000000
530049.219727 118.772632 -48.694872 201.093041 283.386584 691.213862 0.000000
612327.577927 79.219115 -106.903226 199.453272 620.592856 459.881508 0.000000
391553.339174 -60.734130 -82.634131 -69.081212 667.987929 -490.955308 0.000000
931025.273192 -43.444599 46.452718 -215.451687 -278.592773 -260.552062 0.000000
756631.697144 -212.788497 -38.597036 -7.505701 235.852326 -1300.272432 0.000000
843525.646268 66.173360 -176.159922 83.205824 1103.924401 414.682216 0.000000
242756.050306 58.549107 -43.285070 227.937161 251.528244 340.227106 0.000000
354940.812291 -128.593307 17.527985 85.011887 -126.492988 -928.010335 0.000000
500360.307501 95.562349 87.243966 -203.802043 -504.734697 552.859245 0.000000
59765.178942 -161.358538 -98.001259 -158.891475 560.796911 -923.349047 0.000000
88613.419813 -179.960975 -4.706241 -101.437705 29.429214 -1125.337714 0.000000
787121.078669 3.116800 11.670080 -62.930281 -131.045305 34.999077 0.000000
37427.105696 160.407614 -55.254634 163.497671 323.572403 939.350670 0.000000
114876.097277 -33.919418 19.816789 -172.666767 -133.861347 -229.123848 0.000000
548941.911785 116.407790 50.671064 -11.232975 -403.449377 926.853451 0.000000
180107.987889 71.005368 -28.422851 89.331044 235.597390 588.564440 0.000000
484307.324435 -106.902557 140.729432 10.316736 -950.753796 -722.222855 0.000000
941577.836860 19.706241 90.785820 -197.647674 -552.211538 119.864685 0.000000
441928.894204 55.540758 -45.484338 76.366309 399.358975 487.655779 0.000000
349879.815392 77.412358 -145.978098 -5.208230 1020.553650 541.200811 0.000000
474061.962794 -114.258510 28.370625 116.313804 -198.235455 -798.364067 0.000000
862502.273258 3.465625 95.847444 -210.406371 -566.577752 20.486159 0.000000
663039.815686 214.828807 57.681858 -4.867769 -347.607035 1294.618578 0.000000
515841.458352 -44.100464 -160.492732 -151.347284 961.843930 -264.297099 0.000000
796695.798965 7.869582 -230.767724 57.514551 1344.718515 45.857250 0.000000
190140.784121 4.155595 -20.008761 -167.089751 138.624157 28.790685 0.000000
429091.427090 -21.804168 213.672054 74.541306 -1273.816488 -129.986625 0.000000
471173.062579 123.491387 120.172709 -95.913228 -769.217919 790.460569 0.000000
79052.461315 116.066952 123.974736 50.207559 -837.409120 783.994605 0.000000
625625.894359 68.314026 -212.485410 -67.523939 1250.783971 402.126851 0.000000
838524.415382 171.290634 100.599348 -146.565365 -575.534633 979.963531 0.000000
742724.766523 74.696338 165.748156 129.716886 -996.956288 449.289969 0.000000
507730.884503 238.325857 -19.091593 -26.971969 110.635560 1381.095543 0.000000
38322.182107 50.635619 59.870638 229.892312 -345.309497 292.045663 0.000000
562586.210396 112.047607 129.738551 -165.737327 -755.233726 652.251246 0.000000
670149.102756 -30.789655 -141.905621 -112.626746 940.962985 -204.163340 0.000000
369061.625870 117.358600 26.032262 -89.698147 -191.068439 861.374421 0.000000
788393.852280 -218.380661 -109.414540 -18.667959 628.383174 -1254.191010 0.000000
608357.996977 21.108001 -214.825621 30.337879 1307.921951 128.511759 0.000000
527656.056924 -97.769912 -138.439210 -172.080097 800.720155 -565.492529 0.000000
488351.079972 -66.578692 42.727105 87.018382 -354.159971 -551.862978 0.000000
283368.367782 53.602116 -120.827748 122.825731 808.547662 358.691329 0.000000
212032.583730 47.191756 118.111612 149.702339 -757.503480 302.662192 0.000000
365150.706279 -116.730167 63.230996 -185.815167 -376.113807 -694.340286 0.000000
185159.610579 -202.765842 75.439568 -56.391799 -453.518101 -1218.962165 0.000000
922273.944583 153.242584 15.800679 -79.716800 -107.841052 1045.894380 0.000000
535368.231932 -204.352490 138.608292 3.509660 -792.848113 -1168.909040 0.000000
784641.158974 67.108566 33.134508 -164.532469 -221.534306 448.681762 0.000000
151481.210366 -209.182399 -33.904104 -105.523539 198.074962 -1222.087913 0.000000
588978.619382 -50.393365 -75.000600 -179.759526 475.297436 -319.355274 0.000000
698728.635630 -64.030830 50.428221 159.391082 -338.787598 -430.172840 0.000000
85134.793254 -38.314310 -73.554314 216.074357 434.601095 -226.382930 0.000000
542625.214305 -143.577406 41.670549 -94.224623 -281.769989 -970.848845 0.000000
181141.792429 -104.537364 63.955441 -202.499097 -373.670816 -610.777777 0.000000
551384.971899 70.003668 -178.497819 -140.424579 1040.789516 408.179128 0.000000
316865.037413 50.016998 57.939107 63.043420 -523.003647 451.492502 0.000000
15656.183803 -58.348703 -69.478273 -95.453245 544.217954 -457.040889 0.000000
504584.269649 150.840191 -73.312801 126.410813 454.734663 935.611009 0.000000
780065.395476 -73.996264 120.137219 -74.327451 -855.133640 -526.703507 0.000000
181420.411956 -40.459024 -193.170256 109.037258 1156.359394 -242.196566 0.000000
259223.939725 -1.199820 154.364109 49.184991 -1090.120012 -8.473133 0.000000
909713.268045 112.888926 96.292773 120.407265 -626.158346 734.077345 0.000000
693698.901537 209.374509 47.286201 80.388639 -280.753929 1243.126228 0.000000
554437.399670 16.991717 220.630681 -99.963008 -1272.722306 98.017816 0.000000
198198.498201 0.554370 -94.167641 107.061738 708.879908 4.173215 0.000000
402251.798161 89.991144 -15.250175 -194.319461 93.557026 552.079164 0.000000
617295.559420 56.322437 2.702272 3.338673 -32.319484 673.622813 0.000000
989446.118137 186.038010 -32.668329 156.576942 187.475638 1067.627141 0.000000
234078.171389 -7.268697 194.774341 111.223352 -1168.731880 -43.615388 0.000000
966159.675691 -104.319334 57.201725 126.534132 -390.155165 -711.529715 0.000000
976768.296558 -203.124349 63.189485 119.777885 -363.530183 -1168.577830 0.000000
181417.929701 -120.495492 35.285252 -88.646761 -255.839510 -873.665518 0.000000
776600.001137 118.124004 -78.495386 -4.131724 592.350479 891.400292 0.000000
952980.996264 -175.465451 -155.755542 -19.995138 912.385276 -1027.842040 0.000000
791103.729207 31.952829 79.891848 -224.078508 -463.526430 185.387888 0.000000
207334.452934 42.828803 112.294121 -204.352629 -655.571958 250.034125 0.000000
99709.415293 -92.783208 -42.730212 -83.336448 334.526902 -726.382515 0.000000
371229.412008 173.520933 49.278933 56.958615 -322.069933 1134.072346 0.000000
94504.856413 30.171901 -137.916896 99.278043 943.657688 206.442770 0.000000
535114.105286 -203.317847 -109.079112 -24.862176 643.638062 -1199.708202 0.000000
549032.425899 76.954510 213.483547 -82.388156 -1235.039465 445.195227 0.000000
356562.959983 -145.390212 118.824269 -66.360801 -756.866284 -926.081433 0.000000
219734.762821 -153.889014 -39.696200 168.208173 234.564070 -909.327178 0.000000
443628.126606 156.815083 -14.266747 40.777511 100.552807 1105.241203 0.000000
262933.237566 -45.330672 112.205111 -207.862747 -650.338018 -262.735439 0.000000
459535.226361 -123.570457 -104.605824 -80.940436 698.898864 -825.606537 0.000000
271029.223521 -159.487084 167.214349 93.214616 -952.206781 -908.203655 0.000000
121427.804587 -30.218179 -139.748809 -126.896076 908.542760 -196.456113 0.000000
994624.384001 107.130041 118.199601 -72.421003 -802.717236 727.541628 0.000000
58209.002540 22.301298 -6.777859 181.390491 45.051871 148.234889 0.000000
937398.631309 -101.042102 135.803795 19.744901 -935.105937 -695.746898 0.000000
432903.013987 39.094078 -186.778689 -61.521881 1185.707748 248.176874 0.000000
792579.078459 110.142685 33.435053 -56.364392 -265.474632 874.533956 0.000000
77550.572293 35.025776 102.835247 -141.222536 -692.510648 235.869739 0.000000
725506.409273 103.634340 -18.544775 226.421383 105.491399 589.520836 0.000000
635261.075805 191.911215 -152.865517 -45.949071 869.715770 1091.863050 0.000000
739784.480299 -204.558187 -46.242963 -5.415720 286.984915 -1269.492910 0.000000
114195.648912 200.771377 -63.618768 -128.291469 364.156367 1149.223380 0.000000
91016.327486 18.474699 -81.663510 224.110790 474.587850 107.365794 0.000000
691279.429961 56.025299 -2.523362 3.116810 30.264833 671.959217 0.000000
796100.964963 -92.370105 -84.108915 -33.928768 664.498587 -729.765735 0.000000
303048.807163 129.738729 -202.144216 27.791955 1168.529393 749.977028 0.000000
717259.083412 -78.260449 114.707642 -72.512788 -823.809011 -562.052030 0.000000
626468.001237 -198.818396 -91.244961 30.336750 551.906978 -1202.578842 0.000000
615316.351432 -18.094448 -231.411228 19.624673 1362.896168 -106.567230 0.000000
866662.673197 -114.153330 -145.866765 60.476214 939.322749 -735.101104 0.000000
883085.729133 135.725391 44.842819 187.361169 -262.575393 794.734779 0.000000
943082.419992 70.411002 64.986515 -78.765236 -524.511637 568.293124 0.000000
99806.203392 -85.316773 -134.577678 65.935515 921.196437 -584.001067 0.000000
473064.706281 149.633093 -158.492718 -72.788372 939.809331 887.274691 0.000000
800794.900388 -103.431231 115.154219 49.661096 -811.863211 -729.213503 0.000000
699261.860799 -8.115431 61.662452 -55.104195 -608.053773 -80.026311 0.000000
282109.195458 -104.382940 -136.339896 97.170946 872.503418 -667.995756 0.000000
783549.827278 84.413764 120.803645 -146.780175 -752.930679 526.124132 0.000000
124376.347376 -189.634312 -77.252799 -12.379095 484.835882 -1190.138355 0.000000
764524.164350 143.380600 100.991760 -38.556778 -677.453571 961.798265 0.000000
452938.481382 185.520838 104.504620 -8.742238 -643.487107 1142.344400 0.000000
934794.756960 128.109403 -137.855631 100.731481 848.158568 788.194769 0.000000
225402.543119 78.861665 147.943079 74.889202 -981.398699 523.138605 0.000000
910830.872973 -193.050564 -106.621028 -49.376050 637.525249 -1154.318353 0.000000
535014.203352 119.756642 159.150931 10.138231 -1013.016531 762.266718 0.000000
39648.235459 103.523332 157.906991 -155.227366 -907.878203 595.202122 0.000000
703848.211229 24.857470 207.647466 -28.088098 -1284.940529 153.820184 0.000000
417953.663859 -133.423727 173.305255 -89.909115 -1013.036592 -779.913558 0.000000
726259.891848 224.921242 -89.251696 45.529800 511.273334 1288.448721 0.000000
744679.321796 -71.350457 133.151265 79.785197 -915.710056 -490.692534 0.000000
79532.369483 -15.125190 -38.271939 -20.296178 507.867052 -200.710654 0.000000
559771.467220 95.330787 -48.888072 9.772053 423.684384 826.176279 0.000000
965107.444675 99.484626 -65.553568 122.507518 450.761493 684.079296 0.000000
506905.747135 226.242000 0.723313 68.193085 -4.229636 1322.969485 0.000000
687836.333712 64.948584 -160.945815 34.171839 1087.765812 438.960464 0.000000
434002.171425 90.106557 137.148238 -146.836051 -830.775416 545.820442 0.000000
406021.072175 -24.538685 -10.230257 239.140177 59.283285 -142.199160 0.000000
537360.057828 -167.078002 -160.578669 89.871964 915.558051 -952.614757 0.000000
520740.675559 -45.185045 -3.181864 -45.105049 35.772994 -508.005509 0.000000
681032.246934 46.379797 -225.703015 -2.157612 1336.516531 274.641283 0.000000
257603.485132 41.296062 -18.513993 130.439600 141.631589 315.913843 0.000000
964867.458096 121.004457 58.890184 3.776398 -456.228823 937.435028 0.000000
122009.919190 115.190452 -151.564599 -60.194599 964.179915 732.785364 0.000000
588190.617003 -117.603526 181.617169 23.143714 -1106.700878 -716.627871 0.000000
579181.067122 74.051451 45.448212 219.881724 -265.689936 432.904275 0.000000
446406.512552 -64.787457 124.880122 27.072451 -937.834511 -486.545909 0.000000
614568.780274 5.531746 -104.631525 -167.512200 669.105217 35.374806 0.000000
801912.759634 21.742356 45.559125 -41.155639 -507.439813 242.167450 0.000000
680390.994931 -69.925708 122.387112 -39.271573 -909.462582 -519.620198 0.000000
696841.039315 2.326889 65.435705 210.464218 -396.187394 14.088396 0.000000
891574.409485 -9.855716 -56.390770 107.486549 459.330618 -80.279664 0.000000
670466.151430 -202.401029 4.734154 -110.316499 -28.025620 -1198.189715 0.000000
651506.349514 -166.467199 -101.011139 -123.995155 597.605779 -984.859303 0.000000
287625.640924 32.817381 181.629138 70.538595 -1161.471865 209.858758 0.000000
650040.438988 130.796966 -54.575665 -36.025111 405.678208 972.255280 0.000000
138848.266750 58.565335 -76.706453 -160.334527 504.029128 384.825964 0.000000
611956.475925 18.246395 18.322851 5.728767 -320.033504 318.698083 0.000000
620541.641923 138.706580 110.414588 102.963371 -693.164343 870.776738 0.000000
829178.114596 -14.906904 69.824078 -193.618534 -436.912837 -93.277535 0.000000
90845.357645 -23.676567 90.433400 -132.645299 -638.127071 -167.069446 0.000000
959896.263788 -105.352187 -4.380722 -15.701866 38.138242 -917.188438 0.000000
971103.881841 -173.153395 -124.214445 67.063978 747.021800 -1041.339122 0.000000
114797.151571 98.760670 -217.149142 15.729097 1262.410431 574.151476 0.000000
47918.264044 -120.235908 -68.629691 13.722170 523.021321 -916.308132 0.000000
387875.191878 -97.626936 -12.785636 -15.459094 115.120517 -879.022600 0.000000
191171.483520 9.052005 38.416695 36.771391 -470.170684 110.784842 0.000000
126668.609596 -98.140192 -41.538589 -43.647903 347.940048 -822.052551 0.000000
218743.939361 180.386221 -98.706074 23.511764 616.737234 1127.092735 0.000000
122188.821081 -20.618666 83.164514 -62.970197 -724.952677 -179.734796 0.000000
394800.733509 98.223966 168.816250 -2.384768 -1085.772919 631.745597 0.000000
859886.770202 129.938562 -43.382536 104.260566 297.210724 890.200009 0.000000
504827.554304 -98.745309 2.681870 -58.522234 -22.497923 -828.364013 0.000000
554481.904292 -33.102104 129.481890 78.920878 -934.235463 -238.837717 0.000000
285076.704601 -150.866049 -131.148988 -86.754110 798.596080 -918.657759 0.000000
638640.022265 -231.182749 46.991361 43.500308 -272.721926 -1341.706283 0.000000
115820.923803 -129.811029 118.903093 119.708754 -732.535489 -799.736852 0.000000
575423.551557 16.415172 145.217954 -95.612110 -987.764045 111.655045 0.000000
902683.806351 65.941537 94.719878 37.175613 -773.217132 538.293828 0.000000
336979.398594 -95.916909 -122.559484 135.713427 766.656486 -599.996981 0.000000
554749.590770 3.012444 -46.663187 33.311791 553.575140 35.737251 0.000000
913226.709114 48.811673 123.046081 -17.125700 -957.347599 379.774291 0.000000
884687.848503 134.547557 4.370371 -99.151972 -30.381966 935.348353 0.000000
525450.838295 -36.323853 49.367921 -108.299616 -397.804570 -292.696032 0.000000
905530.164902 -8.679282 164.207429 -120.141151 -1034.323327 -54.669782 0.000000
888730.015207 23.128133 22.663542 -32.723726 -300.248472 306.403404 0.000000
942766.159397 31.313075 17.265330 -68.289613 -176.764927 320.587758 0.000000
462896.376828 -114.923556 -27.558655 -118.233022 191.594914 -798.978354 0.000000
103980.255029 202.568830 -91.494214 -114.253727 520.235692 1151.805460 0.000000
554141.082876 -104.156094 111.858435 -97.958436 -746.257369 -694.871629 0.000000
691492.745298 -118.279838 71.405764 -69.834894 -515.870741 -854.512358 0.000000
513168.280864 -112.575611 19.991444 74.359325 -153.871631 -866.480335 0.000000
847734.051125 -121.919645 34.976431 33.565768 -274.478368 -956.767304 0.000000
414169.311878 -47.056125 234.494278 39.782583 -1353.699364 -271.647764 0.000000
535432.885111 138.826116 52.225670 9.131859 -385.098848 1023.668588 0.000000
534366.191121 -155.695849 179.258076 17.924571 -1044.230588 -906.973742 0.000000
271328.813999 75.342510 131.750536 29.467810 -952.455608 544.668726 0.000000
653716.195884 -75.306276 144.866456 -67.394155 -979.799724 -509.331631 0.000000
830633.262758 162.759876 -160.933843 23.381151 953.702473 964.523639 0.000000
687221.721695 -184.698070 81.455596 -15.620666 -514.577486 -1166.788690 0.000000
608081.931461 123.407351 119.551959 -49.312355 -803.770214 829.690735 0.000000
554336.836494 -98.563653 77.496754 -34.606472 -610.802751 -776.844802 0.000000
786204.824872 -104.123658 -59.218964 -208.979782 342.980845 -603.057154 0.000000
104037.730097 165.103741 -70.931258 -127.140432 429.742490 1000.293729 0.000000
771531.625596 -78.665309 7.908060 -110.759221 -60.936141 -606.161328 0.000000
417548.362814 207.082752 -124.141242 -37.839639 713.806718 1190.716778 0.000000
909370.897254 -24.107966 156.491126 17.083200 -1114.672719 -171.718947 0.000000
356274.621196 110.140060 76.460327 -59.743594 -567.281472 817.161234 0.000000
673563.667903 182.888491 -45.937867 120.258486 276.114556 1099.271204 0.000000
698730.385730 0.879042 135.087953 -7.848757 -1043.863016 6.792607 0.000000
129086.749708 11.465070 126.567563 -167.847421 -784.096398 71.027048 0.000000
357565.577516 -68.411423 99.374375 36.758317 -795.400761 -547.570717 0.000000
994876.910587 108.928162 98.048393 93.602874 -668.343194 742.504732 0.000000
29565.826222 11.462994 -48.576564 209.153293 297.774140 70.268105 0.000000
556342.759551 -16.357019 40.615623 -219.130322 -244.228830 -98.357608 0.000000
942767.895272 -166.314871 119.610685 -71.435509 -729.942620 -1014.962104 0.000000
46253.111121 79.030986 -122.559648 193.954964 707.215020 456.038355 0.000000
188920.225459 83.790372 -31.719528 -226.268072 182.771133 482.808611 0.000000
289021.764324 -95.319930 137.466914 135.729422 -841.901841 -583.777015 0.000000
936125.560486 -167.148291 -144.373167 -63.276773 856.174413 -991.237449 0.000000
541758.584505 -183.466875 -93.271037 -104.018607 552.098443 -1085.993887 0.000000
989902.639432 -123.236822 -155.861228 68.088582 966.706227 -764.358174 0.000000
772353.223717 112.021612 3.537225 111.399412 -25.293483 801.028044 0.000000
449012.360433 225.472099 -91.167168 8.086938 525.335914 1299.246146 0.000000
564798.867351 24.906834 171.650469 173.845429 -984.599709 142.867431 0.000000
189952.191829 102.936228 12.882462 -47.773399 -108.355468 865.805244 0.000000
575336.088615 -208.621549 -89.493601 -85.462599 516.519884 -1204.076902 0.000000
95679.312245 -62.456808 -66.746225 -43.492878 596.317376 -557.995298 0.000000
240499.412122 -25.332575 -68.454782 -7.324733 718.430366 -265.864424 0.000000
959968.852741 157.421284 18.590469 11.035293 -132.567069 1122.557915 0.000000
693941.482424 -66.340284 -211.838902 -23.959443 1274.363562 -399.084588 0.000000
56429.627905 9.370980 -161.300937 -99.939271 1051.925114 61.112909 0.000000
238706.535915 57.580253 105.395199 192.161408 -629.349883 343.830893 0.000000
852103.780860 -70.245008 -10.267634 142.262750 73.196165 -500.764377 0.000000
188751.919074 0.557455 -229.419944 -7.587791 1361.137263 3.307351 0.000000
928965.846554 33.410715 -98.849511 66.703682 798.446699 269.871591 0.000000
507007.448630 -1.087495 68.194740 105.608242 -546.712832 -8.718375 0.000000
828432.299799 -116.662038 146.909868 -59.361252 -941.419501 -747.587072 0.000000
566521.740281 91.868294 108.886937 -146.300188 -684.932421 577.879910 0.000000
161294.237783 -43.002378 -193.037333 41.224684 1220.814778 -271.957440 0.000000
743132.782533 76.101340 -103.953125 -92.697472 741.709918 542.986259 0.000000
283482.196796 23.855610 34.814831 -183.679164 -227.957656 156.199782 0.000000
161852.112869 63.244955 -110.063649 82.870688 803.535518 461.728904 0.000000
331262.306448 -145.498306 -144.914199 -0.090092 909.004440 -912.668369 0.000000
358222.821927 208.691325 30.249380 -1.933698 -187.242030 1291.788043 0.000000
762850.588239 31.040761 -24.624725 -163.325819 170.742170 215.229481 0.000000
469716.779441 120.698392 -168.190442 -70.230842 1022.530210 733.797657 0.000000
648696.395719 109.516147 -114.412395 136.081807 711.707522 681.250186 0.000000
862005.801979 -20.471757 32.732029 77.207131 -316.678696 -198.061943 0.000000
425358.236714 -168.226119 -120.557302 -5.486923 753.139678 -1050.933981 0.000000
525865.963109 -162.034958 80.091352 32.303438 -531.300786 -1074.888846 0.000000
694228.730375 78.229435 -112.638948 -134.642146 730.351858 507.240299 0.000000
992521.043462 26.369854 98.639477 -127.058293 -694.485118 185.660665 0.000000
942900.147320 109.302312 4.471418 -194.026737 -26.930926 658.317442 0.000000
172888.514915 -41.882626 16.256626 -227.209391 -96.019352 -247.378669 0.000000
567443.606345 -214.996001 -90.168486 -88.777282 513.158720 -1223.565760 0.000000
997124.474828 -30.982610 -100.410252 -85.370730 775.695603 -239.348810 0.000000
307109.881521 -168.996716 -92.003340 95.804782 564.081151 -1036.134796 0.000000
27201.052050 -106.132751 167.519530 -12.125246 -1068.300444 -676.826550 0.000000
903717.555790 -93.258394 -62.832305 146.193619 415.874942 -617.259369 0.000000
547832.082128 63.070981 -221.132904 61.178851 1288.592225 367.529095 0.000000
157741.032316 161.947459 137.098593 74.462541 -821.808134 970.759333 0.000000
978641.453782 -151.941420 98.539014 -168.006815 -563.561780 -868.979437 0.000000
467586.940868 0.165388 -92.377093 142.016323 637.956709 1.142173 0.000000
227416.284087 151.339679 132.996726 64.511189 -821.939456 935.301618 0.000000
247069.819802 83.248955 128.951804 184.482982 -748.239818 483.050107 0.000000
364529.886707 99.013072 -167.614767 69.184450 1048.213333 619.198560 0.000000
279937.760648 -30.775041 45.105390 225.311567 -266.284423 -181.683701 0.000000
500446.895790 -65.959751 189.149363 -116.524864 -1116.874638 -389.474072 0.000000
914183.428232 -68.802557 -46.373588 167.757425 304.702553 -452.074458 0.000000
406173.485676 28.958396 78.003419 109.906651 -597.194912 221.705754 0.000000
396624.709089 -59.703225 -161.485482 63.018203 1072.040715 -396.347009 0.000000
460012.939902 26.191640 170.614402 168.760345 -987.075070 151.529502 0.000000
143453.198817 234.332432 -20.478782 -14.967379 119.902665 1372.009482 0.000000
159567.277670 -130.597478 -156.883584 -109.601691 926.464237 -771.233605 0.000000
78528.844507 205.440335 -30.750159 -23.878526 191.152203 1277.078705 0.000000
52971.317298 -105.834389 -6.950716 -22.330198 60.013018 -913.782261 0.000000
707232.900221 35.142412 100.872796 -216.593985 -583.471009 203.271638 0.000000
300255.426188 -112.817184 -9.286898 -40.531204 76.130515 -924.833022 0.000000
614726.433240 -2.469363 -108.416827 151.995750 713.199683 -16.244243 0.000000
923371.231840 -10.381076 114.540227 -5.052763 -959.593131 -86.970398 0.000000
272758.377941 -72.718576 4.562858 -95.771203 -37.388970 -595.870519 0.000000
894492.846089 -27.561041 -102.545363 173.731597 645.981475 -173.619964 0.000000
700359.720339 22.355184 -28.230637 152.767852 202.553318 160.397258 0.000000
406627.061364 -66.161597 -91.380249 82.162876 695.295543 -503.411452 0.000000
668551.150530 60.430764 10.577263 85.782203 -92.582719 528.950097 0.000000
16010.249764 -10.777787 96.747303 114.778151 -708.886027 -78.970912 0.000000
225276.358313 16.830378 196.664393 -74.961594 -1216.600235 104.115656 0.000000
997934.357589 -0.061632 139.421255 180.763041 -829.462906 -0.366670 0.000000
187627.626718 7.186462 182.275406 17.074381 -1210.469898 47.724466 0.000000
311110.385559 -14.060700 220.997950 -114.227453 -1258.479123 -80.069057 0.000000
556022.138925 -127.060290 -133.273015 152.740993 774.516930 -738.411646 0.000000
486895.668089 32.032963 78.000712 121.259230 -576.926262 236.929347 0.000000
506422.610034 24.902781 123.880789 45.403028 -960.998158 193.181905 0.000000
86353.982842 -20.154240 -148.632838 -14.629139 1088.320880 -147.573583 0.000000
977826.594985 -151.532913 -88.692778 40.927212 593.759867 -1014.447452 0.000000
662614.078934 -97.188892 -52.565851 -0.699421 449.506883 -831.092336 0.000000
230207.779697 74.428876 -85.244733 8.926024 719.190162 627.939270 0.000000
983096.746470 30.197382 84.542924 32.107994 -778.284277 277.990714 0.000000
430967.893670 -42.696996 -146.936413 -36.127186 1053.366526 -306.088776 0.000000
81955.830430 220.476692 10.412287 -106.705094 -59.775787 1265.732300 0.000000
552421.389982 45.689735 -55.394648 154.685911 381.294475 314.493265 0.000000
887569.002308 93.228273 81.918290 21.130904 -656.279155 746.887811 0.000000
732826.040926 23.340940 149.534374 -172.060966 -887.944013 138.599890 0.000000
475856.536082 64.599400 -215.683675 31.179926 1285.951056 385.155094 0.000000
890832.571549 233.191954 68.702176 48.771841 -392.191077 1331.192239 0.000000
479757.845603 -29.958832 50.900064 -81.091061 -456.804304 -268.866528 0.000000
800592.910895 23.225167 -32.556033 7.601635 458.670426 327.211148 0.000000
512015.069529 -211.412341 -13.343612 127.994769 76.241621 -1207.950256 0.000000
446050.396456 186.663637 -70.178413 -7.666299 446.544314 1187.738257 0.000000
651957.088933 -133.978072 -12.873056 -99.238702 89.482249 -931.298627 0.000000
824534.482412 135.970968 -164.915881 -92.944760 971.001864 800.578226 0.000000
669287.524129 238.217061 10.435392 -29.642138 -60.513853 1381.398237 0.000000
83875.086452 -105.248622 -199.136597 97.868543 1142.241130 -603.702717 0.000000
225244.126484 27.245041 -233.381129 33.091040 1361.872617 158.985756 0.000000
870016.577070 -219.452936 -4.689964 -7.338812 28.446815 -1331.084123 0.000000
19407.365359 -107.003247 -61.134626 -120.945332 418.200517 -731.971647 0.000000
713384.155801 -42.277219 54.428446 44.933719 -539.389843 -418.970299 0.000000
713718.462920 215.971872 30.609996 97.136133 -178.061198 1256.328497 0.000000
772593.296431 -27.718257 -34.374743 117.957849 275.322759 -222.007973 0.000000
898304.323421 -21.024066 101.181604 30.697472 -875.964353 -182.012655 0.000000
556031.529227 -143.079700 -109.068955 -122.397683 664.628650 -871.878422 0.000000
817694.813849 85.649969 -95.822233 -196.646143 561.968200 502.310970 0.000000
676316.650651 123.248539 70.771194 107.386897 -476.641946 830.075340 0.000000
807777.291496 -163.439204 -75.923653 144.504998 449.036804 -966.631801 0.000000
831986.175130 -50.253952 -43.643230 97.952689 360.493516 -415.098154 0.000000
995715.775753 64.007879 -76.556238 -129.949773 537.614757 449.494138 0.000000
195324.323441 55.721336 109.972894 -138.783166 -725.543658 367.620240 0.000000
746544.173272 52.250158 36.297939 13.119423 -404.824011 582.736068 0.000000
497103.114649 61.851888 -87.598502 46.563135 728.252262 514.207168 0.000000
104075.620891 -146.788459 116.850419 -135.584300 -690.362550 -867.239123 0.000000
784345.471641 -100.863670 69.371941 20.720946 -559.630664 -813.677722 0.000000
499692.994671 47.739777 -27.585586 -60.716666 273.803859 473.846568 0.000000
802716.744776 -194.952142 1.762624 -1.509369 -11.347127 -1255.030567 0.000000
391379.918845 -57.998185 68.528877 95.931090 -537.404961 -454.823044 0.000000
901958.139671 -67.554457 -2.831628 -24.657240 30.003212 -715.789929 0.000000
38424.498996 135.829232 -194.082020 -1.205777 1133.479749 793.271236 0.000000
633683.976430 -210.692047 39.264212 95.874976 -230.338087 -1235.995845 0.000000
354611.867780 19.541303 -51.862481 -173.826456 345.135471 130.043851 0.000000
262522.071341 220.626041 68.412853 20.507913 -403.826449 1302.308360 0.000000
807347.301919 168.286941 128.022617 -49.656356 -780.839929 1026.421472 0.000000
89436.804309 -63.913410 175.951106 -94.866162 -1091.761332 -396.577157 0.000000
42655.862682 51.315155 -147.565483 -110.984199 958.177881 333.201545 0.000000
487957.828635 -106.822730 33.744223 -124.542221 -234.358728 -741.900004 0.000000
790826.080320 -26.266347 6.204788 79.887654 -60.737690 -257.117107 0.000000
262733.549972 -155.873052 -46.027149 125.742173 288.618899 -977.421147 0.000000
734610.114457 -20.117212 53.570263 -122.553624 -414.050282 -155.488078 0.000000
948572.644379 70.002892 151.828993 -65.417239 -1018.565683 469.624027 0.000000
582941.468229 105.183691 16.143344 130.335641 -111.868570 728.891690 0.000000
279359.739759 142.370126 -90.923575 7.709332 628.502030 984.122249 0.000000
196325.298926 21.148251 78.876385 93.484550 -636.378428 170.625098 0.000000
689739.796936 109.917814 51.292813 -173.179289 -317.085025 679.496622 0.000000
975033.607749 -16.710899 130.128488 61.628489 -971.555657 -124.765673 0.000000
849873.871091 41.672259 -16.115368 15.113733 210.924818 545.424337 0.000000
345874.643509 -30.069136 54.405821 -94.481719 -459.859771 -254.156374 0.000000
670799.967567 99.041334 -220.038187 56.347724 1256.492149 565.559372 0.000000
466984.986530 -2.131341 41.204585 -209.416558 -253.519218 -13.113487 0.000000
12753.157245 193.535235 -37.536135 111.677128 224.154982 1155.736654 0.000000
895835.859980 47.138119 120.462147 -139.574112 -784.940907 307.155726 0.000000
239328.416597 67.085968 -105.073378 -70.333854 789.449911 504.038345 0.000000
956237.359234 -69.298320 -84.025723 121.842156 590.822777 -487.267761 0.000000
49920.057809 140.661213 144.586011 147.205406 -822.441877 800.116633 0.000000
582748.288942 -196.544611 88.367653 40.344562 -536.461806 -1193.181815 0.000000
490814.388067 133.581506 -158.717680 -62.125713 969.503823 815.963164 0.000000
269950.779153 -39.068548 12.399984 -19.881317 -165.140085 -520.305794 0.000000
88284.004058 -66.950648 215.496992 -62.046619 -1266.219436 -393.389307 0.000000
567825.633451 46.009098 48.424932 198.680255 -300.656380 285.657164 0.000000
521756.030935 24.954744 -26.415367 -82.197120 250.467539 236.618083 0.000000
969518.284420 73.191294 -2.785318 -205.148637 16.963669 445.763475 0.000000
397967.724396 -139.407181 -137.764053 -31.277755 879.003698 -889.487679 0.000000
847908.078693 -44.287258 -143.939985 136.287655 907.861400 -279.329557 0.000000
937963.319369 -2.923693 -32.479618 44.858438 392.038505 -35.289831 0.000000
325781.998066 181.250742 -104.383765 -26.795640 646.148127 1121.964011 0.000000
217963.921543 -116.947673 7.077024 30.979995 -57.786448 -954.919866 0.000000
544739.763786 -16.299741 139.763670 -124.244373 -916.964707 -106.939717 0.000000
440705.575726 87.884262 195.365426 -122.763247 -1117.605151 502.749670 0.000000
361482.763995 -15.015747 -116.087959 6.124727 963.831065 -124.669634 0.000000
494071.469881 -74.421515 -191.010570 24.668374 1194.892480 -465.553860 0.000000
846176.681165 -59.090932 -122.576706 164.368493 754.275810 -363.616072 0.000000
165821.374993 31.694233 133.224783 5.097422 -1022.988043 243.369292 0.000000
300049.764421 49.255446 -81.728038 84.436225 650.823707 392.235181 0.000000
277094.528812 83.997387 68.058074 196.552455 -408.459938 504.121926 0.000000
74194.079448 -75.924740 137.386218 91.995806 -915.551491 -505.967843 0.000000
572005.558073 45.336677 233.690509 50.692228 -1346.479189 261.221101 0.000000
269159.731977 -180.768023 26.794953 -167.434003 -152.990679 -1032.128064 0.000000
672874.730085 1.869029 204.179011 -86.258923 -1232.744558 11.284391 0.000000
201919.371590 -64.211768 -12.938624 -14.842755 141.915153 -704.296151 0.000000
595576.170274 95.377441 -175.352069 74.705400 1079.667951 587.252644 0.000000
825189.988574 -44.517568 -115.248095 -123.783305 783.353701 -302.590697 0.000000
691823.629139 121.228238 21.821029 -175.857131 -133.862820 743.684182 0.000000
839585.867296 -126.927186 -112.007528 -178.244800 642.161711 -727.699111 0.000000
393979.746599 92.815407 25.842057 -88.483304 -203.099474 729.460510 0.000000
137157.291740 -113.800586 134.760868 -161.648736 -783.144599 -661.336750 0.000000
826175.990494 -228.506063 84.720496 1.337626 -487.818029 -1315.730928 0.000000
189019.399536 -51.647938 24.362477 -171.090377 -163.059549 -345.682811 0.000000
974887.250825 236.809270 -13.914075 -33.131395 80.814439 1375.413606 0.000000
104595.037172 -52.372816 78.202705 -147.507473 -531.418527 -355.894145 0.000000
970769.589142 -51.620630 33.579374 139.225167 -244.635271 -376.070944 0.000000
319494.604984 100.931316 116.406215 137.838442 -727.747809 631.001912 0.000000
324801.292106 -80.400692 41.603067 -26.468683 -385.066970 -744.167516 0.000000
477894.441780 33.195542 129.203120 -178.407776 -778.133572 199.922150 0.000000
220142.577208 -186.903763 9.159469 -146.889399 -53.380733 -1089.261775 0.000000
931028.403387 -146.992289 -26.229455 133.833965 166.502810 -933.097117 0.000000
499580.221446 -82.895680 -102.122463 -198.313522 595.069024 -483.034289 0.000000
625861.670333 -68.766937 -67.010684 -110.943312 497.278989 -510.311951 0.000000
104137.514883 -13.910255 17.150226 147.788828 -126.112292 -102.287522 0.000000
586974.073729 -29.649174 -145.327236 -153.621515 893.953028 -182.381291 0.000000
927444.421262 199.470807 -94.673817 -91.299105 550.555072 1159.979256 0.000000
345790.199599 -77.356968 -58.318887 230.003294 331.830317 -440.155642 0.000000
26386.232405 -68.397057 24.244717 55.395935 -228.087064 -643.459108 0.000000
339898.468770 110.566258 -35.809727 -174.861588 222.145191 685.896384 0.000000
177852.112826 128.038888 139.072580 -76.742910 -875.204691 805.768011 0.000000
529960.410783 187.965836 -49.197310 74.006723 306.693400 1171.768974 0.000000
490870.963292 104.943038 117.344049 109.293556 -761.935440 681.413503 0.000000
762095.341739 -143.193278 76.414477 147.102580 -464.098595 -869.675509 0.000000
971238.776828 74.101684 -127.181859 51.071662 915.888977 533.636760 0.000000
319576.371020 28.622413 143.326426 179.009546 -847.489226 169.244344 0.000000
982360.678756 79.600012 18.984789 7.816847 -188.218334 789.167683 0.000000
831282.161925 -155.692142 62.903951 -152.271629 -375.558397 -929.536065 0.000000
781590.374733 105.239527 99.010782 -176.198532 -589.583424 626.673982 0.000000
219877.038723 -199.001987 -43.762285 -80.894651 265.679321 -1208.134204 0.000000
835514.713847 -37.185211 -41.070962 -74.107532 383.798446 -347.487023 0.000000
656181.083191 -8.218952 102.896723 -31.245470 -890.630730 -71.139793 0.000000
844218.618418 49.505126 -114.838713 -39.067437 901.848003 388.772197 0.000000
435100.365782 53.139820 -198.363267 85.861909 1195.140490 320.167902 0.000000
930311.135887 46.353402 23.888380 -27.162874 -280.036054 543.386517 0.000000
553725.525636 -84.931294 -161.727322 42.655968 1061.423336 -557.407718 0.000000
212559.190008 29.395766 -168.751050 179.801872 962.574013 167.676589 0.000000
757848.246448 -61.893417 -88.423770 194.675535 532.743193 -372.900822 0.000000
441842.914072 -211.141474 83.997155 -39.116753 -497.234229 -1249.884806 0.000000
533373.509569 -125.399688 -83.448589 -24.826248 607.102437 -912.303697 0.000000
930796.261617 45.281396 -33.970298 165.700380 230.758893 307.594736 0.000000
777776.454918 105.984421 113.630133 79.227021 -773.400247 721.361269 0.000000
537821.744425 -156.008355 -132.345875 63.003239 813.100364 -958.476794 0.000000
915234.823204 152.803260 -173.772566 -14.211426 1025.880822 902.086780 0.000000
691803.586118 60.031729 -8.610976 19.895879 96.885339 675.439596 0.000000
649651.172874 82.017793 122.000082 -27.027641 -896.990931 603.025963 0.000000
280962.663050 -34.558400 -146.736052 65.935962 1028.270078 -242.172039 0.000000
394135.718585 -19.565583 -66.595368 -161.774148 451.179238 -132.555541 0.000000
